18 10 6 19 9 24 5 39 8 43 4 
18 33 1 30 8 32 7 23 5 43 2 
19 24 7 37 9 44 5 35 8 45 2 
19 40 6 34 8 14 1 17 9 14 9 
25 36 2 50 1 36 8 23 2 50 9 
19 13 5 45 8 36 5 35 4 19 6 
18 33 4 30 1 16 3 22 2 50 4 
24 44 6 11 1 12 6 28 8 20 2 
22 39 1 15 3 38 9 30 7 27 1 
23 19 4 25 4 23 6 21 1 47 3 
21 20 4 37 8 14 4 22 5 11 8 
24 45 8 48 4 11 9 35 7 45 2 
16 23 3 17 7 21 3 45 3 18 7 
25 22 5 50 1 10 3 16 1 45 5 
18 34 3 39 8 16 5 33 4 43 9 
18 18 8 34 1 39 1 12 4 19 2 
16 39 1 18 5 38 7 16 9 17 3 
25 25 5 19 4 20 4 27 7 42 2 
23 27 1 36 8 16 5 11 2 44 5 
17 24 9 49 2 40 3 21 1 27 8 
24 37 7 31 3 20 4 21 9 23 4 
21 50 9 17 7 30 1 39 4 45 6 
15 13 6 27 7 45 7 14 3 49 1 
22 38 9 37 4 12 7 22 6 48 4 
23 12 3 31 6 19 5 43 7 26 9 
25 34 4 28 3 42 5 23 9 30 7 
21 40 5 36 8 30 5 20 2 49 5 
22 15 5 31 9 37 3 35 1 18 9 
22 18 8 32 3 19 3 13 4 37 3 
16 45 8 34 1 27 1 33 5 42 9 
19 24 9 21 2 35 5 33 1 15 7 
22 22 2 10 3 33 8 25 7 23 3 
22 47 2 42 8 11 4 33 3 42 2 
22 44 8 22 3 22 6 30 4 27 1 
21 27 1 39 8 25 4 13 3 28 1 
16 28 9 16 5 43 2 32 8 14 7 
15 48 2 40 8 40 8 19 4 35 9 
25 39 3 35 4 37 3 45 5 37 7 
19 18 8 17 8 40 5 26 8 27 5 
23 44 9 45 4 19 7 15 7 29 2 
17 23 6 44 5 33 8 37 6 37 4 
21 18 9 31 7 48 5 17 1 20 4 
15 38 4 25 2 45 5 14 2 24 1 
19 43 9 13 7 31 9 44 9 49 6 
18 10 6 32 6 43 5 38 7 32 1 
15 36 1 47 3 40 9 44 4 37 5 
17 18 8 44 7 22 4 37 3 34 4 
17 21 4 39 6 48 4 37 4 35 7 
23 16 5 29 4 39 9 11 7 15 8 
18 40 1 49 7 38 1 12 7 13 5 
22 32 7 34 1 41 9 21 6 36 9 
22 48 3 45 1 17 3 12 3 30 9 
16 44 6 44 7 13 1 24 1 23 9 
24 44 2 44 5 47 5 33 7 27 6 
20 33 5 48 4 18 9 31 8 28 6 
25 28 7 35 1 30 1 18 6 32 2 
21 32 8 36 5 33 7 14 8 24 8 
19 13 8 22 9 35 6 22 1 47 1 
25 18 5 13 5 46 4 13 7 45 5 
19 14 1 23 1 47 9 40 8 41 6 
20 24 4 44 6 43 5 49 1 36 1 
25 38 3 29 8 30 4 50 1 37 8 
17 30 2 44 3 15 6 40 5 49 4 
23 44 7 15 1 49 9 20 6 24 7 
24 44 4 19 4 42 3 45 3 38 2 
18 50 2 33 9 20 6 28 6 18 6 
25 43 1 33 5 18 4 29 8 22 4 
23 38 6 13 7 28 7 34 5 46 6 
18 40 8 29 7 48 9 14 7 21 1 
23 20 4 20 5 22 1 16 3 39 3 
25 22 5 42 8 27 7 50 5 33 5 
19 42 7 44 7 23 2 41 6 48 6 
15 13 4 12 6 15 8 30 6 14 1 
23 13 6 49 4 37 6 45 2 22 6 
19 23 2 18 7 15 8 50 8 36 7 
21 31 6 34 6 47 7 18 8 27 6 
24 46 9 42 8 42 3 34 4 12 1 
23 47 7 19 2 16 5 28 2 28 7 
15 39 6 21 6 17 7 15 1 40 9 
25 38 2 29 6 34 4 26 1 42 2 
23 18 7 20 7 48 2 32 8 39 6 
22 24 2 32 5 17 3 27 7 16 8 
24 17 2 36 6 15 4 27 9 32 9 
20 14 4 50 4 37 2 46 2 43 4 
25 46 7 10 8 41 4 20 6 33 1 
15 44 8 29 1 17 7 14 8 39 2 
18 24 8 26 9 16 8 38 5 21 5 
21 20 7 14 4 20 7 47 9 18 4 
24 14 5 24 1 43 8 22 6 45 9 
22 13 6 18 6 26 7 19 2 42 6 
23 39 3 38 5 12 3 17 9 12 9 
17 33 9 10 1 46 9 38 2 16 7 
16 16 4 21 6 21 7 50 2 28 6 
18 41 2 40 5 11 5 23 3 19 4 
25 12 1 13 2 47 3 32 7 20 1 
18 31 2 29 4 33 5 22 6 10 4 
23 41 4 41 2 16 4 37 8 37 4 
20 48 8 23 8 16 5 30 7 38 7 
20 11 4 26 1 23 4 12 4 34 8 
25 42 4 19 2 32 6 30 9 25 7 
